49812 15400
41770 12700
93834 104000
10962 12000
53090 0
51977 11000
66069 97800
26395 122400
24510 43200
33929 96000
98196 18800
73760 130800
57428 57600
23530 111600
51673 18900
66477 12100
75797 20200
99986 151800
73683 10000
47997 134400
53390 0
47751 0
28686 17600
72172 168800
34197 27300
67060 0
47057 96000
45255 72000
46063 133200
29556 13900
12479 27800
69089 131400
29207 28700
38792 72000
60493 12100
31996 21600
51683 101600
29714 0
81116 12700
56788 102600
90734 60000
95718 96000
59801 563200
47897 79800
69341 124800
69728 52200
31451 20900
60989 25100
67446 65600
25964 107400
31918 70400
87586 149400
68434 174400
65151 48000
55715 20900
80018 147200
87083 147600
23010 48000
58947 165000
88414 29900
15284 10400
67657 16000
53590 26200
25359 0
82501 0
25360 94400
10988 16000
78743 13500
69117 94800
16830 48000
41386 0
17355 17800
22510 13700
27836 60000
69059 27100
74143 100000
37480 1153600
21119 23400
12515 14100
90558 22400
72278 20200
76160 19500
84103 33600
52699 18900
93891 0
84226 214400
82629 144800
33826 156800
53486 132800
48154 29900
33238 89600
70573 0
58029 0
54208 222400
34233 130200
44978 68800
64784 16000
11674 70400
77877 38400
86885 181600
46812 139800
60981 10000
51751 69600
97969 0
56492 10000
97446 0
21929 100800
80181 14700
15558 97200
29892 47400
52447 0
91002 212000
71567 36800
40461 18900
98137 11200
59091 43800
86409 238400
57189 64000
71212 20900
76092 140000
50751 72000
55328 0
33724 0
50266 27900
51465 89600
29904 0
67071 0
39200 102400
34662 10900
44878 21700
34645 52800
46422 22200
53715 0
15095 88000
22336 60000
66343 141000
13656 24200
90844 96000
79963 70400
17487 119400
23008 10000
42027 18000
97052 74400
81381 17900
39761 142400
42357 212800
36122 161400
44038 16000
29279 70400
97353 188800
19310 25900
12905 54400
66750 64000
40830 61600
10495 72000
49755 185600
63761 70400
15737 60000
57449 15800
75008 174000
66550 14700
38551 15400
57698 36000
55875 29000
43023 76800
15918 20500
59222 24900
58059 57600
91330 25200
82966 58400
48143 97200
30893 48000
35968 48000
22075 0
30504 111600
21415 111000
61002 640000
43181 117600
29437 171200
60822 249100
71812 22700
73457 19100
62766 70400
10950 167400
61870 44400
31058 28200
44938 19700
90127 10000
93340 134400
20000 20900
25677 103800
67529 123200
69990 60000
65864 24900
16549 0
77577 16600
56255 11100
61596 26600
41668 18000
87398 68400
37973 127200
86379 0
90151 28500
12995 28200
76500 15100
40085 0
66309 164400
22213 19000
50005 70400
82727 28800
23434 72000
53817 0
56569 70400
68468 18800
97993 0
17219 137400
74346 29700
77863 147200
63654 222400
46616 81600
55384 126400
96321 25200
86017 19200
60544 96000
55311 56000
14248 166400
54115 16900
90775 68400
42017 27700
37411 46200
38722 14700
93085 36000
29487 68000
48271 12300
98769 72000
12345 107200
14348 0
48665 48000
26308 218400
45731 25900
64927 10000
65422 145200
24487 233600
90561 16800
99795 0
11105 53400
62464 144800
86861 225600
51755 148800
26753 23100
80744 47400
91293 176400
13949 72000
76032 12000
76469 48000
61324 91800
41078 48000
24151 16100
93666 120600
33764 105000
81463 72800
95645 0
60792 213600
98489 84000
96179 11900
50317 123200
54143 103200
95158 17500
75338 231200
34846 91800
78747 76000
96094 18100
47026 63000
66775 81600
47376 0
47371 72000
23231 10000
63220 17200
59966 29700
54168 192000
12438 147000
20743 0
18184 106200
90017 0
61923 96600
86387 45600
94360 16300
21252 64000
54361 156800
65718 43200
66676 21400
73850 204000
75622 26700
97489 91800
44777 15500
87182 13100
46543 13400
92210 15200
90356 80000
26766 31200
73907 14500
85799 174400
61579 26500
83904 196000
84317 14800
29682 13100
84496 0
96552 28800
42848 72000
59646 26000
40585 17800
27972 60000
90309 20000
53972 144000
19586 79800
91970 43200
58151 150600
34093 12000
43266 20900
34335 20000
33003 48000
18842 51600
41894 11200
93456 13700
75738 14200
92673 161600
95126 37600
57251 70400
38522 18000
15974 154400
54530 233300
30777 19500
10843 11600
45156 28200
68396 150600
97701 21000
50050 87000
66772 127200
61735 162400
65118 260600
92905 181600
35523 132800
74853 384000
95959 48000
18949 20500
33347 0
37891 18300
10507 126000
54785 14000
73799 212000
35330 126400
22887 72000
21824 238400
23717 10600
18167 140800
81223 11200
85448 70800
79359 17800
89060 28200
13779 0
82776 12000
77670 20700
41456 24600
80427 87600
45394 16000
96867 16100
98791 113400
63332 0
79028 21300
76707 64000
68371 24200
58014 374400
38317 78000
59411 144000
94228 96000
18836 0
93601 150600
49650 70400
10388 22000
48240 60000
24980 217600
97723 150400
24131 239200
94067 28600
27329 187200
32014 82400
42603 288000
57843 162400
44931 21700
34964 36800
71181 26400
75202 102000
35678 43200
18134 0
85165 24000
21210 27700
82049 48000
18903 193600
49774 35200
73011 70400
68826 23400
20137 15700
88594 169200
11808 196000
39022 13300
29963 15600
41384 210400
84449 64000
43476 20400
26690 45000
28430 28100
74410 35400
39499 125400
91608 64000
11401 16800
55574 31200
39267 87600
18529 216800
77884 124000
61685 21000
93671 96000
12928 26000
49395 28400
48855 15200
33032 214200
31231 128800
63943 132800
88380 19200
62636 36800
71612 60000
42423 168800
44774 97800
40406 48000
78384 64800
97812 67200
86719 17300
55517 102000
44627 15100
84515 0
21105 10200
46529 70400
56516 16500
26955 40000
30863 10000
79906 12300
96368 10900
42616 32400
83360 15400
90011 219200
79197 27400
97519 0
11149 113400
30798 18500
58481 118200
54400 95400
19339 27300
26878 72000
21781 160200
88798 37200
21073 60000
58259 130800
77296 116000
82851 48000
24431 12000
38696 0
48105 23600
76050 79200
72311 149600
10934 14400
83397 11100
26853 49600
62874 70400
72401 31800
19516 28800
33366 18000
25820 78400
68881 23300
85862 104800
52953 52800
74835 131200
68361 21900
18736 96000
61287 95400
42220 0
53875 23200
60444 0
52604 240000
81752 0
42837 22600
63031 177000
33534 81600
73098 11600
95826 10000
85243 0
53663 48800
62945 25300
38358 22700
52112 27400
90136 171600
64569 0
87011 114400
25314 0
80884 13500
48979 216000
90193 154200
83426 109200
16264 0
73916 98400
39637 39200
65543 21900
63774 204000
65000 61600
74609 178400
56227 28100
64661 47400
36372 126400
79263 15500
21582 21800
49645 0
